500
369 115
135 337
307 259
52 154
137 104
206 79
302 206
66 41
192 221
249 135
326 117
278 260
64 62
392 289
257 266
170 117
46 329
335 22
7 388
231 227
72 320
9 123
29 78
307 50
395 155
187 205
200 41
225 228
42 99
285 321
155 2
283 100
154 235
17 126
202 148
5 35
39 269
342 55
327 30
210 256
290 264
58 74
21 278
326 346
113 120
60 333
302 166
215 351
163 210
72 125
118 328
317 55
317 376
340 397
66 225
137 180
68 103
123 28
272 63
367 35
284 204
196 366
81 304
180 85
77 144
49 331
156 184
123 371
27 76
288 355
233 276
335 354
221 119
346 241
42 392
362 400
145 73
191 169
339 199
264 340
317 230
345 314
157 176
198 303
201 195
46 237
86 236
201 342
147 251
298 312
60 260
374 372
377 236
145 39
214 93
71 197
400 73
10 386
56 83
246 26
226 60
39 40
378 136
327 290
167 25
232 233
266 185
84 237
146 110
372 212
168 111
302 115
312 218
323 61
359 18
133 293
80 385
327 69
193 219
90 28
44 135
363 397
377 122
24 322
233 277
398 74
308 248
319 182
328 338
214 140
189 329
164 148
265 161
393 190
75 369
389 287
63 271
315 282
67 109
330 287
395 179
191 49
354 278
1 60
257 5
47 42
367 32
371 185
249 86
93 392
192 158
303 286
310 184
313 212
176 3
70 394
365 267
143 61
106 228
246 396
135 383
8 35
30 332
89 371
25 328
220 206
355 12
286 83
69 343
239 332
269 46
159 313
366 389
21 302
284 66
358 9
319 226
138 43
6 6
389 368
298 208
65 361
183 12
340 252
140 182
347 319
305 119
103 327
339 123
157 155
193 205
358 3
310 312
155 29
354 191
144 280
52 28
399 309
23 19
198 313
156 393
85 126
72 357
367 250
216 166
109 174
303 9
171 83
337 93
364 281
348 375
266 76
129 91
366 76
378 132
67 398
138 68
30 389
276 2
174 91
131 271
31 59
86 303
62 153
114 194
99 4
84 248
195 295
251 23
116 225
321 365
157 168
298 381
238 260
164 197
238 117
389 273
82 114
241 53
34 274
8 226
321 9
371 298
394 56
140 43
394 114
399 38
109 33
337 121
321 0
297 126
153 42
223 149
3 180
79 139
164 34
115 319
16 96
252 16
14 368
299 131
95 212
95 103
385 213
309 127
333 111
270 170
134 300
268 126
141 169
306 116
150 340
26 195
203 283
62 236
176 37
370 95
117 202
2 132
14 162
214 276
300 127
38 81
96 17
333 224
327 111
44 56
73 241
232 8
291 48
99 256
148 198
152 171
158 168
156 122
175 31
390 5
222 325
225 77
223 20
341 108
94 52
102 197
67 347
148 151
32 319
71 238
5 155
331 210
208 193
136 32
389 235
277 104
184 170
383 120
281 117
290 92
193 214
32 236
276 152
102 62
201 113
30 301
98 68
106 343
53 11
42 363
14 286
276 285
269 161
354 225
156 27
108 327
243 285
72 84
344 120
311 80
229 295
234 308
384 321
366 26
396 378
30 216
203 247
240 148
353 366
234 49
236 84
50 268
373 227
363 271
144 270
53 219
138 7
134 400
226 281
370 349
282 73
322 139
173 315
48 134
94 161
218 32
7 4
294 393
112 217
82 292
103 340
62 119
132 119
355 164
48 96
106 90
160 135
301 122
317 383
58 311
6 344
314 272
244 227
116 240
89 372
210 291
180 350
358 81
316 157
2 385
115 89
202 399
132 203
67 205
255 343
358 199
37 251
288 284
274 347
136 5
370 194
112 139
176 196
111 88
144 240
184 381
106 231
26 368
14 19
187 15
64 127
224 118
5 2
105 318
136 94
331 366
375 102
244 81
16 350
110 329
352 338
232 35
156 160
90 258
134 15
340 169
300 380
116 80
11 361
338 359
136 55
82 342
205 123
230 219
117 322
219 117
201 311
393 33
161 188
340 127
50 52
324 114
346 287
181 84
79 358
268 355
259 256
253 366
269 252
112 149
351 347
396 54
354 350
202 208
40 119
212 67
385 316
348 71
30 192
197 254
147 371
312 104
351 63
271 398
83 12
195 50
79 25
164 390
171 279
304 291
79 36
37 322
316 364
177 374
286 35
63 148
226 390
185 26
308 162
263 205
21 293
343 330
329 122
132 390
9 7
225 171
221 104
307 339
178 24
383 187
204 145
370 329
195 371
257 116
182 22
174 183
196 205
269 237
220 234
272 364
187 82
125 246
302 168
